-7.231325923589294 -0.0002205123278149479
-6.4982255861254155 0.0022987498404400952
-5.943307483511247 0.004316184521623745
-5.322175805099981 0.00838240789554967
-4.349648396876466 0.020638233767562353
-3.5143862384194966 0.04368130933481318
-2.780719786858044 0.07956238291576512
-2.250523451412576 0.12469517613633108
-1.7966001038057282 0.174965454792387
-1.3321992906699194 0.242685873901895
-1.030978688798097 0.2939924679607998
-0.6274917525613297 0.3719819790641208
-0.3976624931174939 0.41610752466338663
-0.10649259383953691 0.47511365148764173
0.23068496267594085 0.5454085288899182
0.5576550465397503 0.6141642835894138
0.8640185772518514 0.668550102866742
1.0887484550936808 0.7121627164331763
1.3490956191206127 0.7547465264953646
1.9766418057297912 0.8368277361070021
2.5069426545471067 0.8881196329729891
3.2611546931266933 0.9347778315162795
4.228913678759101 0.9660245535659608
5.084416593566276 0.9818807017964053
5.868493328154845 0.9885027670187371
6.866369583778219 0.9945978562238939
7.711473418085333 0.997623191734952
8.607457845592922 0.9991054852917842
