0.9968039373905822  0.0011130131136246842
0.9564843783179264  0.0018356243246178128
0.9014109297507988  0.00233644304137948
0.8532241396395759  0.0032439540008589756
0.7961876583756853  0.0045989703516005065
0.75635885747722  0.006058032154098614
0.7116111496482115  0.010578669950972008
0.6614528329487488  0.01815993997650045
0.6221081838644377  0.03190400015100292
0.5945634375722572  0.047206217528561245
0.562093177989496  0.07631855868099358
0.5345323876800824  0.117724392096906
0.4961267854867708  0.20363916061476905
0.4675486157316312  0.3003213522275233
0.44733976037788403  0.380129012773869
0.42761788813544954  0.46761515121486263
0.40542806853626656  0.5704516390851136
0.3857071400595522  0.6564022707003214
0.3674726425912034  0.7239296517032612
0.3453026420721321  0.7945204962320153
0.3196935592708467  0.8604982139233757
0.2926206958384651  0.9080470184081502
0.25670286008201315  0.946365794155259
0.2144013929982021  0.9708527395159426
0.15686188460576544  0.9876328940103909
0.11309569312513862  0.9952264329902746
0.034421495208029534  0.99814644412671
0.004916547516244485  1.000006338660891
