0.019695817490494316 1.0008841841736822
0.07809885931558935 1.0006758003422416
0.1450190114068441 1.000437027202049
0.22532319391634986 0.9982475498619819
0.292851711026616 0.9913462825554514
0.3649429657794677 0.95303006732679
0.4136121673003802 0.8605633598998599
0.44281368821292766 0.7481851432457952
0.4683650190114069 0.6101301313614048
0.4966539923954373 0.434957834834107
0.5246387832699622 0.28547644285905516
0.5526235741444867 0.16453929446154825
0.5909505703422054 0.07686686226769401
0.6517870722433459 0.016706884263765653
0.7223574144486693 0.0021829653453349085
0.8093536121673003 0.0009210854771675159
0.9109505703422054 0.0
0.9915589353612169 0.0
