0.026705715176931433 1
0.10956711607111919 1
0.20733109208747796 0.9981395348837208
0.2806539354659827 0.9962790697674418
0.3420523342460057 0.9879069767441859
0.3903273836342842 0.9506976744186045
0.4198109035455586 0.8679069767441859
0.4382586212872145 0.7599999999999999
0.45312570616573666 0.6390697674418605
0.466203029147749 0.5134883720930233
0.4774969673864071 0.4046511627906978
0.4929568502408762 0.2725581395348838
0.5105109347381556 0.166511627906977
0.5373060686930302 0.06418604651162782
0.57544393997158 0.01674418604651182
0.6129951131598101 0.0009302325581397601
0.6594926004228329 0
0.7673912591411639 0
0.8651557896925794 -3.6474009038575427e-19
0.9653048209891519 0
