0.017262357414448676 1.0008928668333255
0.05072243346007607 1.0017249550491474
0.0993916349809886 1.0005998270703622
0.15110266159695823 0.9994638457670224
0.1973384030418251 0.9945415013042079
0.23809885931558938 0.9867842684678362
0.2770342205323194 0.9695187997670154
0.3147528517110266 0.9341796514635707
0.3436501901140686 0.8817454316548063
0.36768060836501903 0.8112505562328833
0.38806083650190115 0.7264965830116529
0.407832699619772 0.6246182343088061
0.4236501901140687 0.5370261167166523
0.4449429657794668 0.40754957255990143
0.466235741444867 0.2923451501919232
0.48874524714828904 0.19806883178432289
0.5161216730038024 0.11138694634478163
0.5523193916349811 0.05321782984157797
0.5939923954372623 0.020718996573967363
0.6505703422053233 0.0052935281625683395
0.7022813688212929 0.00035164771555673546
0.7673764258555134 0.0001
0.8300380228136882 0.00001
0.8926996197718633 0.0
0.9498859315589354 0.0
0.9906463878326996 0.0
