0.009731162438470414 1.0018502555178699
0.010034078000757396 1.001007493400576
0.05365391897008731 1.000506112467249
0.12211283604695222 1.0001330178858032
0.17118515713744825 0.9986159336808267
0.2329799318439989 0.9946783894273158
0.28659598636880024 0.9863578789823682
0.3274895872775472 0.9685359886782623
0.3665656948125716 0.9270669914236586
0.4026126467247261 0.8676203494091628
0.4347216963271494 0.7741171900105897
0.45774327906096257 0.6872011908949892
0.4771298750473315 0.6002723017554611
0.4974252177205615 0.505781623301584
0.5183263915183648 0.41034746670748623
0.5480121166224922 0.2903581725884711
0.5776978417266196 0.20062892575077818
0.6040514956455898 0.14114791033914287
0.6285876561908373 0.09868172651129004
0.667663763725862 0.058158355734227785
0.7082544490723217 0.032770379441129815
0.7570238546005309 0.021595802864988745
0.807307837940175 0.010426597132151105
0.8572889057175322 0.008712582006066727
0.89909125331314 0.006969564326145372
0.944831503218479 0.004294884361270679
0.979666792881485 0.0034727872796973536
