0.015081274044293519 1
0.04458947076560506 1.0000000000000002
0.07797248119779575 1
0.1292389699511317 0.9990697674418605
0.1727555540151805 0.9972093023255812
0.21090784320521275 0.9981395348837208
0.24488697882369262 0.998139534883721
0.29138252521401603 0.9906976744186047
0.32029071500363926 0.9776744186046511
0.34740637022146753 0.9506976744186044
0.37004415485391473 0.9004651162790697
0.39147887568017203 0.813953488372093
0.4063545558520778 0.7218604651162789
0.42062828821959586 0.6102325581395348
0.4322208435864555 0.5032558139534884
0.446193186150487 0.3804651162790698
0.4628447648424774 0.2465116279069767
0.48159054517727795 0.1386046511627907
0.5024341316327591 0.06883720930232558
0.5361002322115551 0.018604651162790944
0.5852755692648944 0.0018604651162790597
0.6287921533289433 0
0.6982407375316257 -3.6474009038575427e-19
0.7715641354451876 -3.6474009038575427e-19
0.8395224066821474 -3.6474009038575427e-19
0.9098651786642638 0
0.9736505735971996 -3.6474009038575427e-19
